69.000000000
75.333333333
75.666666667
54.666666667
63.333333333
40.000000000
40.333333333
71.000000000
45.666666667
32.666666667
62.333333333
45.000000000
39.666666667
62.333333333
52.333333333
53.333333333
39.000000000
50.000000000
63.666666667
63.000000000
62.333333333
81.666666667
66.666666667
71.000000000
43.333333333
82.000000000
85.333333333
61.333333333
71.666666667
81.666666667
61.000000000
65.000000000
56.666666667
68.333333333
52.333333333
64.000000000
57.333333333
54.333333333
60.000000000
65.000000000
31.333333333
73.666666667
46.333333333
72.333333333
40.000000000
46.000000000
53.666666667
70.666666667
60.000000000
62.000000000
57.333333333
68.333333333
53.000000000
65.000000000
59.000000000
90.333333333
58.666666667
69.666666667
75.333333333
60.333333333
68.000000000
70.000000000
54.333333333
60.666666667
54.666666667
54.000000000
76.000000000
43.333333333
52.000000000
49.666666667
68.000000000
65.000000000
61.000000000
57.333333333
80.000000000
82.000000000
65.333333333
89.333333333
67.666666667
57.333333333
42.000000000
66.000000000
68.333333333
48.000000000
61.666666667
63.333333333
61.000000000
43.000000000
65.333333333
76.666666667
62.333333333
66.000000000
64.666666667
41.000000000
59.000000000
57.000000000
59.666666667
66.333333333
69.000000000
47.333333333
72.666666667
46.666666667
67.000000000
74.333333333
58.666666667
54.000000000
67.666666667
51.000000000
57.666666667
63.666666667
34.000000000
69.333333333
68.666666667
67.000000000
71.333333333
73.666666667
80.666666667
71.333333333
65.333333333
28.000000000
62.000000000
67.333333333
70.000000000
64.666666667
56.666666667
55.333333333
47.666666667
70.000000000
59.333333333
46.333333333
76.333333333
58.778625954 64.106870229 60.412213740